1.5261 -0.9194 1.5158 -0.534 -4 -7
-0.2094 -1.1559 -1.5818 -0.4178 10 -3
1.3889 0.6491 1.7318 -1.2026 -3 -1
-1.5458 -0.5844 0.9273 -1.7174 -10 3
0.6035 -0.2484 -1.0182 -0.0809 7 6
-0.8587 0.3194 -1.3265 1.449 7 -9
1.3805 -0.7837 1.2903 1.6258 10 -1
0.69 -1.7091 -1.3115 1.9851 3 1
0.7279 1.0586 -0.8054 1.5298 1 2
-0.9119 -1.0158 0.3377 0.8524 3 -7
-0.6923 1.2802 -0.7253 -0.6926 0 -1
1.3314 -0.7916 -0.7248 1.9507 -6 -10
-0.8631 -0.7958 1.0296 0.0918 7 -3
1.6641 0.9425 0.0483 0.9876 -7 10
-1.7301 -0.4239 -0.4962 1.561 -6 2
1.2625 0.8331 -1.7377 -0.4171 1 4
-0.5563 1.8466 0.2491 -1.638 9 3
-0.2956 0.001 0.2522 1.2024 -4 10
1.1835 -0.3934 -1.3835 -0.5403 8 7
-0.2749 -0.3493 -1.2668 0.1764 -3 1
1.4964 -0.9212 -0.217 -0.4082 2 -3
1.4175 1.5951 1.3269 1.7282 -10 -3
1.0579 1.9038 -0.3402 0.1201 8 -3
-0.1291 1.3233 -1.3101 1.8865 -10 10
0.2933 -1.662 1.8015 0.1189 -9 -6
1.985 0.1835 -0.257 -1.7764 8 0
-1.8804 -1.4488 0.0836 1.5155 -10 -5
0.6546 -1.3061 1.8351 1.9337 -8 8
-0.9458 -0.7629 1.2772 -1.4443 10 9
1.557 -1.4078 -1.7538 1.8009 -8 -7
1.18 -0.4881 0.2893 -1.0879 -4 3
1.308 -0.8206 -0.0198 -0.3672 -5 8
1.9144 0.4505 1.9092 0.5708 -7 2
0.7824 -0.4089 1.1206 1.8233 -9 -4
1.0632 1.015 -0.8879 1.4508 -1 -7
-1.0369 -0.8406 1.9799 -0.4922 -9 -8
1.1927 1.0584 -0.4164 -0.1588 -3 4
-1.0956 0.9131 -1.1964 -0.5054 5 -4
1.464 1.0865 -0.0144 -1.4619 2 0
-1.5488 -1.0454 0.862 0.5608 -5 8
0.8018 -0.8524 1.9698 1.4578 5 -7
-0.5244 0.9756 1.4508 0.1291 -8 6
1.2813 0.2663 -1.9786 -1.0183 2 6
-0.1139 1.1008 1.7156 -0.3186 5 10
1.1045 0.9862 -0.5961 -0.0975 10 -4
-1.1134 1.7389 0.5103 0.976 6 9
-1.7279 -1.3652 1.8533 -0.7997 -7 5
0.3471 0.865 1.9215 -1.7592 0 -8
-0.6152 -1.2664 -0.1157 1.6691 8 -9
1.1759 1.4395 0.9452 1.5875 -1 -9
-1.2021 1.4818 0.8303 0.3547 8 10
0.8103 1.3123 -1.5476 1.0862 -9 6
-1.9103 1.4186 1.8074 0.6837 4 6
0.9811 -0.6405 -1.5479 -1.0423 -3 1
0.487 -0.7206 -1.9906 -0.1039 10 3
0.4305 1.7199 -1.761 0.4523 -5 -2
0.1111 0.811 1.9959 0.887 -8 1
1.0102 -0.6548 -0.1467 -1.9802 10 1
-0.1914 1.0799 0.3842 -1.2081 8 -5
-0.6362 1.7488 -1.0044 -0.2642 -8 -4
-1.3831 0.8317 -0.3758 -1.3272 -3 -9
1.0598 -1.5358 0.7993 1.5837 -8 -7
0.86 -1.9591 1.9019 -0.4121 0 -3
-1.4795 -1.4778 1.415 1.6249 2 4
-1.6993 0.293 -1.1816 0.3349 -7 1
0.372 1.9904 -1.0007 -1.598 -3 -9
1.0899 -0.5133 0.0565 -1.5169 5 2
-0.0219 1.6221 1.2884 1.7547 -2 -8
-0.5883 -1.9727 -1.9868 0.2545 -8 -1
-1.9796 -0.1682 1.4048 -0.2041 -5 -2
0.2342 1.7477 1.2115 0.7392 1 -1
-0.7662 0.0033 -0.1226 0.8597 4 -1
-0.4642 -1.1405 -1.4294 0.2708 1 -5
1.0318 0.5674 0.1028 0.1346 -8 10
0.4161 -0.0244 1.2924 1.0144 4 -3
0.0632 0.9406 -1.2447 -0.6807 3 -9
0.8401 -1.604 0.7171 1.5046 -6 -4
1.0974 -0.5637 0.133 -1.5522 -2 -9
-1.8398 -0.7846 1.1029 0.6085 3 -1
-1.5438 0.3579 -0.6405 0.0444 7 -9
0.3541 -1.7508 1.5325 -1.1326 -4 -1
1.9957 -0.0808 -0.975 1.5674 3 4
1.0021 -0.7789 1.2582 -1.8763 0 10
1.9348 0.2567 -0.3627 -1.1727 -1 7
-0.1483 -0.9147 -0.4769 -0.4346 -7 0
-0.7577 -1.0166 -1.4418 1.4314 7 5
0.4186 1.8351 0.5894 0.6899 6 -3
-1.4881 -1.5543 -1.5602 1.58 5 0
0.0082 0.7769 -0.7613 -1.8819 -8 0
-0.9948 -0.3905 -1.9199 0.5447 1 -8
-1.0145 0.2073 1.8638 -0.3249 10 -2
1.6365 -1.6115 -1.2902 -0.6903 8 6
0.748 -1.0361 1.443 -0.2574 -8 -3
-1.0359 -1.1065 -0.3256 -1.917 -6 4
-1.0335 -0.2877 1.7787 1.6928 1 -8
1.6726 -1.2756 -0.9656 -1.7671 10 4
0.0591 1.4673 -0.4762 -0.5898 3 -1
-0.4338 -0.177 0.5536 0.7371 10 2
-0.0347 -0.8685 0.4225 -1.2589 10 -10
-1.2042 -1.1197 -0.2287 0.103 8 6
-0.9583 0.2732 1.1285 -0.5342 -10 7
-1.9792 1.7466 1.2568 -0.8676 9 -1
0.822 -0.5044 0.764 0.4501 -1 -5
0.6457 -0.8202 0.7322 0.6299 6 3
1.5682 1.1965 -0.5624 0.4069 -2 0
-0.6 -1.3903 -0.4333 0.5255 9 2
-0.3882 -1.0557 1.2147 0.6849 0 3
0.6549 0.9693 0.298 1.7944 6 -7
-1.3266 1.8555 -0.961 -0.7491 -10 -3
-0.6482 -0.7944 1.515 -0.5375 -8 -6
-0.5966 -0.9623 1.9265 -1.8534 -5 -7
1.6835 0.5194 0.8637 0.9093 7 10
-1.3456 -0.7696 1.0427 1.8765 0 8
-0.7942 -0.0102 -1.5708 0.2025 -3 -2
0.3634 -0.8344 0.2209 0.1318 9 -6
-1.582 -0.1779 -1.35 1.4591 -6 0
-0.1502 0.8511 -1.1256 -0.1928 4 7
-1.3565 0.4326 0.6798 1.9441 10 -9
-1.1619 -0.9725 -1.5852 -1.7433 -8 -1
0.953 -0.1061 -0.8056 0.0464 7 -3
0.1804 0.552 -1.8865 -1.8883 7 1
1.6258 1.4357 0.6197 0.2571 5 4
1.227 0.6187 0.2891 -1.2787 -9 7
-0.946 1.8078 1.2237 0.2021 5 3
-0.2296 0.7529 -1.2076 1.4287 -7 -5
-0.0839 1.014 -0.8369 1.612 3 4
-1.2428 0.7353 -1.4327 1.5834 -7 0
-0.1926 1.4136 -0.8673 -0.6334 -3 3
0.3356 -1.6327 -1.2514 1.5785 -9 6
1.3027 -1.7553 0.5354 0.5083 -10 10
-1.3039 0.7215 -0.997 1.5312 -9 10
0.6967 1.5736 -0.0617 -1.9777 6 3
1.5073 0.7114 -0.078 -1.1899 -6 -2
-1.4749 0.411 1.9315 -1.5526 8 7
0.0917 0.0111 -0.9575 -1.2106 0 2
1.5995 0.7237 -1.6564 1.764 2 5
-0.12 1.1808 1.9159 1.4344 2 -6
1.9216 -0.6798 -0.8495 -1.1471 10 3
1.8029 -0.0234 0.516 -0.9381 0 10
0.7824 0.6874 -0.5509 0.0133 -9 9
-0.6954 1.9791 0.6921 1.4293 -6 2
-0.0342 0.9494 -0.2645 0.0332 5 1
1.385 0.6762 -1.577 1.8087 4 -3
1.6789 1.9063 -1.3417 1.1389 -8 -6
0.8148 -1.1681 -1.057 0.5595 -9 -3
-0.8744 1.8751 1.7252 1.3942 -10 -1
1.3207 1.3004 -0.3828 -1.3254 5 6
-0.9344 0.6142 -1.5232 -1.0825 2 0
1.5622 0.3849 -1.5111 -1.3651 -7 5
-0.1268 -1.6336 -1.1663 0.3464 10 3
0.138 -0.5502 -1.9403 0.5326 -8 -2
-0.7886 1.972 -1.8293 -0.4283 -4 -2
-1.7535 -1.1191 -0.0297 0.7375 -8 7
1.1969 1.5749 -0.2944 0.7157 -1 1
-1.869 0.832 -0.7053 -1.6282 8 -1
-1.3465 -0.2096 -1.3567 0.048 9 1
1.7707 -1.2691 1.1582 1.5821 10 4
-0.394 -1.0721 -0.1477 1.955 -8 -2
-1.2974 -0.4495 1.9206 0.158 -4 -3
0.4639 -0.7906 1.4116 0.7472 -9 -2
-1.7918 1.7375 -1.6185 -1.3705 2 4
0.3926 -0.3661 -0.0462 0.0663 7 -1
0.7715 1.8622 0.0612 0.811 5 8
1.2001 1.5642 -0.7937 -0.4047 8 -3
0.6617 1.9996 -0.1316 -0.8451 4 -8
0.8076 -0.8663 -0.5776 1.8831 -3 4
-0.7615 -0.8865 0.2104 -0.4102 3 -1
0.1925 -1.3434 0.4902 1.1467 -3 5
-0.7945 -0.0792 -0.7716 0.1812 10 6
0.8275 1.3828 1.4515 -1.777 -6 9
-0.8187 0.5239 0.309 -1.5559 -7 -2
1.4001 0.7646 1.0817 0.3325 2 -5
-0.1601 -0.7355 -0.1502 -1.9825 -8 -3
-0.6669 1.0251 1.234 -1.5879 1 5
1.2497 1.5636 -1.4736 0.2883 2 -1
0.7775 0.9598 1.0949 1.5219 -8 10
0.2519 -0.1576 -1.3366 -1.8972 -10 5
1.7928 1.8204 0.6146 -1.2047 -2 -5
-1.3428 0.8839 -0.0413 1.6698 8 9
-1.0763 1.6668 0.5446 1.7373 1 7
0.1629 1.1932 -1.4744 1.9335 10 5
-0.0671 1.111 0.1473 1.0809 -3 4
0.2158 0.086 -0.6831 -0.0488 -4 4
1.7434 1.8867 0.243 -1.8329 1 9
-0.8413 1.5024 -1.6023 -1.9365 3 7
0.4032 -1.332 -0.6377 0.7391 7 -7
-0.9612 -1.9233 0.6681 -1.1067 -5 2
-1.0676 1.1194 -1.9994 -1.4566 -5 1
-0.8664 -0.9657 1.5506 -1.5045 5 6
-1.9152 -0.0717 0.0034 -0.8468 -2 -8
-1.1662 1.334 -0.5935 -1.5779 -5 10
1.3055 -1.2413 -0.3293 -1.4949 -6 0
1.8464 0.49 0.1994 0.2404 5 -9
-1.539 -1.5605 -0.9213 -0.1567 -6 7
1.1366 1.1217 0.866 -1.6191 -3 8
1.3173 -0.4025 0.2167 -1.2603 9 5
-1.4287 -0.0216 0.2727 -1.5963 2 3
0.3637 0.2513 -1.2264 0.8159 0 -1
-0.6136 -1.485 0.3552 0.2147 -10 -2
0.5846 1.067 -0.2472 -1.4976 4 1
